Te = 100;
TL = 50;
kf = 0.0001;
J = 0.000018395;